0
5.84E-05
0.000233327
0.00052447
0.000931117
0.001452329
0.002086874
0.002833277
0.003689794
0.004654417
0.00572491
0.006898759
0.008173219
0.00954533
0.011011873
0.01256943
0.014214362
0.01594283
0.017750786
0.019634014
0.021588121
0.023608543
0.025690549
0.027829284
0.030019757
0.032256852
0.03453533
0.036849884
0.039195106
0.041565517
0.043955581
0.046359709
0.048772294
0.051187706
0.053600291
0.056004419
0.058394492
0.060764894
0.063110116
0.06542467
0.067703158
0.069940243
0.072130716
0.074269451
0.076351468
0.078371879
0.080325986
0.082209214
0.08401717
0.085745638
0.08739057
0.088948127
0.09041467
0.091786781
0.09306125
0.09423509
0.095305583
0.096270206
0.097126723
0.097873126
0.098507671
0.099028873
0.09943553
0.099726673
0.099901633
0.09996
5.84E-05
0.000233327
0.00052447
0.000931117
0.001452329
0.002086874
0.002833277
0.003689794
0.004654417
0.00572491
0.006898759
0.008173219
0.00954533
0.011011873
0.01256943
0.014214362
0.01594283
0.017750786
0.019634014
0.021588121
0.023608543
0.025690549
0.027829284
0.030019757
0.032256852
0.03453533
0.036849884
0.039195106
0.041565517
0.043955581
0.046359709
0.048772294
0.051187706
0.053600291
0.056004419
0.058394492
0.060764894
0.063110116
0.06542467
0.067703158
0.069940243
0.072130716
0.074269451
0.076351468
0.078371879
0.080325986
0.082209214
0.08401717
0.085745638
0.08739057
0.088948127
0.09041467
0.091786781
0.09306125
0.09423509
0.095305583
0.096270206
0.097126723
0.097873126
0.098507671
0.099028873
0.09943553
0.099726673
0.099901633















