611 30
0
4
5
6
9
10
11
12
13
14
16
17
19
20
21
22
23
24
25
26
27
28
29
0 6
0 10
0 11
0 12
0 14
0 19
0 20
0 21
0 26
0 28
0 29
4 6
10 4
17 4
4 22
4 28
5 6
10 5
12 5
13 5
5 14
17 5
20 5
26 5
10 6
11 6
6 14
16 6
17 6
19 6
20 6
21 6
6 23
25 6
26 6
29 6
9 11
9 12
9 13
9 14
9 20
9 21
9 29
10 12
10 14
16 10
10 20
10 23
10 26
10 29
11 12
11 14
11 21
27 11
11 29
12 13
12 14
16 12
17 12
19 12
12 20
12 21
12 22
24 12
25 12
12 29
13 23
26 13
29 13
16 14
17 14
19 14
21 14
14 22
25 14
26 14
16 19
16 20
16 21
16 22
16 29
17 21
17 22
17 25
17 28
19 21
19 23
26 19
27 19
19 29
20 21
20 22
20 23
27 20
20 29
21 22
21 23
27 21
29 21
29 22
27 23
29 23
24 28
26 28
26 29
28 29
0 10 6
0 11 6
0 6 14
0 19 6
0 21 6
0 26 6
0 29 6
0 5 6
0 25 6
0 10 29
0 11 21
0 11 29
0 27 11
0 21 14
0 26 19
0 16 19
0 20 21
0 26 5
17 4 6
25 4 6
17 4 28
4 28 22
26 4 28
12 5 6
5 6 14
17 5 6
20 5 6
21 5 6
25 5 6
10 12 5
10 5 23
13 12 5
17 12 5
16 12 5
25 12 5
26 19 5
26 28 5
10 21 6
10 29 6
11 6 14
11 21 6
11 6 23
11 29 6
27 11 6
16 6 14
17 6 14
21 6 14
25 6 14
16 21 6
16 12 6
17 21 6
17 6 25
17 28 6
19 21 6
26 19 6
20 21 6
20 29 6
21 6 23
25 21 6
26 21 6
29 21 6
9 21 6
12 21 6
21 6 22
27 21 6
26 6 23
29 6 23
26 29 6
13 29 6
9 11 12
9 11 29
27 9 11
9 12 20
9 12 29
16 9 12
9 20 13
9 21 14
16 9 14
9 10 29
9 29 22
16 10 12
10 12 23
10 26 12
10 12 29
16 10 14
16 10 29
10 20 29
10 29 23
10 11 29
10 13 29
10 29 22
11 12 29
16 11 12
11 21 14
27 11 21
29 11 21
11 21 23
27 11 23
16 11 29
19 11 29
11 29 23
26 11 29
16 12 13
26 12 13
16 12 14
17 12 14
19 12 14
12 29 14
16 17 12
16 19 12
16 12 20
16 12 21
16 12 22
16 25 12
16 12 29
12 29 22
12 29 23
26 19 13
16 29 13
16 17 14
16 19 14
16 21 14
16 25 14
16 20 14
17 21 14
17 14 22
17 14 25
16 19 21
16 19 22
16 19 29
16 19 23
16 26 19
16 20 21
16 29 22
16 29 23
17 26 28
19 21 23
26 19 21
27 19 21
26 19 23
26 19 28
20 21 22
27 20 21
20 29 23
27 21 22
27 21 23
29 22 23
0 10 29 6
0 11 6 14
0 11 21 6
0 11 29 6
0 21 6 14
0 26 19 6
0 29 21 6
0 25 21 6
0 16 21 6
0 12 21 6
0 10 12 29
0 11 21 14
17 4 6 25
26 19 4 28
17 12 5 6
25 12 5 6
25 5 6 14
17 21 5 6
17 5 6 25
25 21 5 6
10 29 12 5
13 26 12 5
16 12 5 14
26 19 28 5
10 29 21 6
10 12 29 6
11 21 6 14
11 21 6 23
29 11 21 6
27 11 21 6
16 11 21 6
19 11 21 6
26 11 21 6
9 11 21 6
27 11 6 23
16 21 6 14
17 21 6 14
17 25 6 14
25 21 6 14
9 21 6 14
16 12 21 6
16 21 6 23
17 21 6 25
17 28 21 6
26 19 21 6
27 19 21 6
26 19 6 23
26 19 29 6
26 21 6 23
27 21 6 23
26 29 21 6
26 29 6 23
9 10 11 29
16 9 12 20
9 13 12 20
9 10 12 29
16 9 12 14
16 9 19 12
16 10 12 23
16 10 12 29
16 10 12 14
16 10 12 22
10 12 29 23
10 26 12 29
10 20 12 29
10 11 12 29
10 12 29 22
10 12 29 14
16 10 11 29
16 10 19 29
16 11 12 29
27 11 21 23
16 19 11 29
16 17 12 14
16 19 12 14
16 12 29 14
16 12 20 14
16 12 21 14
16 19 12 22
16 19 12 29
16 12 29 22
16 12 29 23
16 29 19 21
16 19 29 22
16 19 29 23
16 26 19 28
27 19 21 23
0 6 10 21 29
0 6 10 12 29
0 6 11 14 21
0 6 11 21 29
0 6 11 16 21
0 6 11 12 21
0 6 11 21 27
0 6 11 19 21
0 6 11 21 26
0 6 19 21 26
0 6 19 23 26
0 6 19 26 29
0 6 21 25 29
0 6 12 21 29
5 6 12 17 25
5 6 12 17 21
5 6 12 14 25
5 6 12 21 25
5 6 14 17 25
5 6 17 21 25
5 6 14 17 21
5 6 17 21 28
5 6 10 12 29
5 10 12 16 29
5 12 14 16 19
6 10 12 21 29
6 10 11 21 29
6 10 12 16 29
6 11 14 21 27
6 9 11 14 21
6 11 14 17 21
6 11 14 21 25
6 11 21 23 29
6 11 21 23 27
6 11 21 23 26
6 11 21 26 29
6 9 11 21 29
6 11 19 21 27
6 9 11 21 27
6 11 12 16 21
6 11 19 21 26
6 14 16 21 25
6 14 17 21 25
6 9 14 17 21
6 16 21 23 26
6 17 21 25 28
6 19 21 26 27
6 19 21 23 26
6 19 21 26 29
6 19 21 23 27
6 19 23 26 29
6 21 23 26 27
6 21 23 26 29
9 10 12 16 29
9 10 12 22 29
9 12 14 16 19
9 12 16 19 22
10 12 16 23 29
10 12 16 22 23
10 12 14 16 29
10 12 16 22 29
10 12 16 26 29
10 11 12 16 29
10 12 16 19 29
10 12 16 19 22
10 11 12 23 29
10 11 12 26 29
12 16 19 22 29
12 16 22 23 29
16 19 22 23 29
0 21 6 10 12 29
0 21 6 10 11 29
0 21 6 25 10 29
0 5 6 10 12 29
0 16 6 10 12 29
0 21 6 11 29 14
0 16 21 6 11 14
0 21 6 11 12 14
0 21 6 27 11 14
0 19 21 6 11 14
0 21 6 9 11 14
0 21 6 25 11 14
0 16 21 6 11 29
0 21 6 11 12 29
0 21 6 26 11 29
0 16 21 6 11 12
0 16 21 6 26 11
0 19 21 6 27 11
0 21 6 23 27 11
0 19 21 6 26 11
0 19 21 6 23 26
0 19 21 6 26 29
0 19 21 6 26 27
17 5 6 21 25 12
17 5 6 25 12 14
17 5 6 21 12 28
5 6 21 25 12 14
17 5 6 21 25 14
17 5 6 21 25 28
16 5 6 10 12 29
5 6 21 10 12 29
16 5 10 12 29 14
16 19 5 9 12 14
21 6 10 11 12 29
16 21 6 10 12 29
26 21 6 10 11 29
16 6 23 10 12 29
16 6 10 12 29 14
16 26 6 10 12 29
16 6 10 11 12 29
21 6 27 9 11 14
21 6 23 27 11 14
19 21 6 27 11 14
17 21 6 9 11 14
21 6 9 11 29 14
21 6 23 27 11 29
21 6 23 26 11 29
21 6 23 27 26 11
19 21 6 23 27 11
19 21 6 23 26 11
16 21 6 23 26 11
19 21 6 26 11 29
19 21 6 27 26 11
16 17 21 6 25 14
16 19 21 6 23 26
16 21 6 23 26 29
19 21 6 23 26 27
19 21 6 26 27 29
19 21 6 23 26 29
21 6 23 26 27 29
16 22 9 10 12 29
16 19 9 10 12 29
16 19 22 9 12 14
16 19 22 9 10 12
16 19 22 9 12 29
16 22 23 10 12 29
16 26 23 10 12 29
16 23 10 11 12 29
16 19 23 10 12 29
16 22 10 12 29 14
16 26 10 12 29 14
16 10 11 12 29 14
16 26 22 10 12 29
16 22 10 11 12 29
16 19 22 10 12 29
16 26 10 11 12 29
16 19 10 11 12 29
16 19 22 23 12 29
0 21 6 10 11 12 29
0 21 6 25 10 12 29
0 21 6 5 10 12 29
0 16 21 6 10 12 29
0 16 21 6 10 11 29
0 26 21 6 10 11 29
0 16 5 6 10 12 29
0 16 6 23 10 12 29
0 16 6 10 12 29 14
0 16 26 6 10 12 29
0 16 6 10 11 12 29
0 21 6 11 12 29 14
0 21 6 9 11 29 14
0 21 6 25 11 29 14
0 16 21 6 11 12 14
0 19 21 6 27 11 14
0 21 6 23 27 11 14
0 19 21 6 26 11 14
0 16 21 6 11 12 29
0 16 21 6 26 11 29
0 21 6 26 11 12 29
0 19 21 6 26 11 29
0 16 19 21 6 26 11
0 16 21 6 23 26 11
0 19 21 6 23 27 11
0 19 21 6 27 26 11
0 21 6 23 27 26 11
0 19 21 6 23 26 11
0 19 21 6 23 26 27
0 16 19 21 6 23 26
0 19 21 6 26 27 29
17 5 6 21 25 12 14
17 5 6 21 25 12 28
17 5 6 21 25 28 14
16 17 5 6 21 25 14
16 5 6 21 10 12 29
16 5 6 10 12 29 14
16 21 6 10 11 12 29
26 21 6 10 11 12 29
16 21 6 23 10 12 29
16 21 6 10 12 29 14
16 26 21 6 10 12 29
26 19 21 6 10 11 29
16 26 6 23 10 12 29
16 6 23 10 11 12 29
16 6 23 22 10 12 29
16 19 6 23 10 12 29
16 26 6 10 11 12 29
16 19 6 10 11 12 29
17 21 6 27 9 11 14
19 21 6 23 27 11 14
21 6 23 27 26 11 14
21 6 23 27 26 11 29
19 21 6 23 26 11 29
16 21 6 23 26 11 29
19 21 6 23 27 26 11
16 21 6 23 27 26 11
16 19 21 6 23 26 11
19 21 6 27 26 11 29
16 19 21 6 23 26 29
16 19 21 6 23 26 27
16 21 6 23 26 27 29
19 21 6 23 26 27 29
16 19 22 9 10 12 29
16 22 23 9 10 12 29
16 22 9 10 11 12 29
16 19 23 9 10 12 29
16 19 22 23 9 12 29
16 22 23 10 11 12 29
16 19 22 23 10 12 29
16 26 23 10 11 12 29
16 19 23 10 11 12 29
16 26 22 10 11 12 29
16 19 22 10 11 12 29
0 16 21 6 10 11 12 29
0 26 21 6 10 11 12 29
0 21 6 5 25 10 12 29
0 16 26 21 6 10 12 29
0 16 26 21 6 10 11 29
0 19 21 6 23 27 26 11
0 16 19 21 6 23 26 27
16 17 5 6 21 25 12 14
16 17 5 6 21 25 28 14
16 26 21 6 10 11 12 29
16 26 21 6 23 10 12 29
16 19 6 23 10 11 12 29
16 19 21 6 23 26 11 29
16 19 21 6 23 27 26 11
16 19 21 6 23 26 27 29
16 19 22 23 10 11 12 29
0 6 10 11 12 16 21 26 29
0 6 10 12 16 21 23 26 29
0 6 11 16 19 21 23 26 27
0 6 16 19 21 23 26 27 29
5 6 12 14 16 17 21 25 28
6 10 11 12 16 21 23 26 29
6 10 11 12 16 19 22 23 29
6 11 16 19 21 23 26 27 29
0 6 10 11 12 16 21 23 26 29
0 6 11 16 19 21 23 26 27 29