0.1038 0.1407 0.3880 0.4458 0.3979 0.4681 2.9521 1.9094 1.1123 3.3094
0.2947 0.1265 0.2717 0.1570 0.0190 0.3781 0.6207 1.4717 0.1607 3.7803
0.3490 0.2444 0.0740 0.3130 0.4146 0.2763 0.9595 2.8737 1.3187 1.0399
0.7933 0.3950 0.9222 0.8400 1.6784 0.9676 0.8049 0.2672 0.4296 0.4683
1.8996 1.1234 0.3576 0.1076 0.1170 0.7555 0.8389 0.2664 0.3201 0.4026
0.5419 0.6304 0.9725 1.4785 0.7604 1.6135 0.7452 0.1313 0.1683 0.3277
0.3325 0.0666 0.2710 0.1777 0.3488 0.2676 3.3868 0.5468 2.5799 0.0838
0.2531 0.0258 0.2665 0.1234 0.3881 0.1752 1.9406 0.3914 3.5072 3.4531
0.0770 0.9894 0.7910 0.7949 1.0071 0.9601 1.4198 0.0480 0.2962 0.3155
1.5405 0.9848 1.2625 0.0355 0.1214 0.8910 0.5151 0.2447 0.1535 0.0897
1.5660 1.7007 1.5505 0.5273 0.6593 0.2683 0.6078 0.4322 0.4789 0.1904
0.2556 0.6181 0.8950 0.7217 1.2789 1.8148 1.0141 0.1538 0.3243 0.2437
0.4101 0.0892 0.3970 0.2695 0.0329 0.2268 1.0645 4.4971 2.9473 2.9426
0.9513 0.5328 0.3136 0.0297 0.8522 1.2427 0.7222 0.3866 0.3393 0.2284
1.1645 0.3233 1.1963 0.9966 0.0096 0.2376 0.4619 0.2935 0.0141 0.0155
0.0343 0.1690 0.3350 0.2146 0.1886 0.0941 0.9023 1.7765 4.6489 1.3007
0.3111 0.2719 0.9574 0.8770 0.4315 0.9868 1.8501 0.0497 0.2357 0.3654
0.2846 0.4997 0.0117 0.1532 0.4698 0.0704 2.0920 0.7897 3.9948 0.2536
0.8173 1.5574 1.6079 0.4444 0.4411 0.6940 0.7266 0.1787 0.2798 0.2038
0.3668 0.2940 0.1452 0.4141 0.4260 0.1754 3.5198 3.1414 1.0111 0.0282
0.4390 0.0080 0.3447 0.2005 0.4321 0.2689 2.3001 0.0132 4.3449 1.8376
0.4847 0.0326 0.1149 0.1304 0.4414 0.0917 0.5770 0.5528 0.4211 0.8817
0.0814 0.4837 0.0713 0.3634 0.3597 0.4498 2.4441 0.6385 2.3819 3.5943
0.0581 0.4083 0.3650 0.0342 0.3085 0.1806 2.4752 0.6607 3.0630 1.6035
0.4499 0.3171 0.1006 0.4421 0.1913 0.0300 0.6844 2.0366 2.2979 1.7331
0.3615 0.0340 0.4351 0.1931 0.2585 0.4745 3.3439 1.2081 1.9776 2.4031
0.0704 0.1436 0.3156 0.0859 0.1167 0.1513 2.7148 0.0411 0.2414 4.4232
1.2931 0.8513 1.0271 0.2578 0.6365 0.8451 0.0078 0.4231 0.0101 0.0462
0.3654 0.3090 0.4983 0.4611 0.0136 0.2749 0.7143 0.9321 1.5787 3.0316
0.0409 0.7943 0.8380 0.7608 1.8929 1.3057 0.3387 0.1438 0.0838 0.2407
0.0955 0.3423 0.0835 0.3438 0.0842 0.3415 4.7047 1.5808 1.1085 2.0447
0.5164 0.4174 0.6389 0.2259 0.7730 0.7975 0.6159 0.2830 0.0941 0.1985
0.7369 0.8664 0.2308 0.0353 0.1272 0.2339 1.6618 0.3816 0.3626 0.3706
0.6584 1.0213 0.5273 0.4159 0.4245 0.6628 0.1898 0.0658 0.3220 0.3490
1.6317 0.0718 1.3835 0.7778 0.4594 0.3798 0.2919 0.4998 0.1130 0.1397
0.6675 0.5759 0.6487 1.7185 1.9936 1.9969 0.5928 0.4715 0.3121 0.2395
0.1650 0.0783 0.1917 0.1123 0.2214 0.2770 1.8649 0.6751 1.8617 1.9570
0.0007 0.2427 0.4217 0.4918 0.0322 0.4826 0.6208 0.9884 3.5590 0.6483
0.2615 0.3089 0.2527 0.2136 0.1610 0.3386 1.0523 4.9652 0.0496 2.6419
0.1346 1.5429 0.9620 0.3951 0.8446 0.3738 0.3716 0.1491 0.1747 0.3483
0.1735 0.3649 0.0706 0.2870 0.2122 0.2281 2.6424 0.0962 2.1783 0.6712
0.1446 0.4550 0.1084 0.3715 0.4301 0.2215 4.9971 3.2126 1.5377 2.6130
1.6516 0.3128 1.4686 0.7653 0.9725 0.9159 0.5874 0.3135 0.3073 0.1503
0.2942 0.1726 0.2408 0.4272 0.3341 0.3815 2.8789 2.7266 0.4371 4.7835
0.1284 0.5038 0.4097 1.9164 1.2672 0.1332 1.7428 0.1323 0.0073 0.3179
0.7597 0.4860 0.2759 1.6493 1.6384 0.1130 1.7807 0.1342 0.1398 0.1781
0.0265 0.3553 0.0993 0.0679 0.2641 0.3243 0.0351 3.7369 1.2153 2.5326
0.0084 0.4177 0.4067 0.1219 0.3929 0.4886 0.9873 0.4557 2.6011 1.0865
0.6210 1.2537 1.1149 0.7225 0.2537 0.9627 0.1327 0.0054 0.1095 0.0130
0.3399 0.1529 0.0674 0.3130 0.4297 0.0310 4.6537 4.3886 2.4052 2.8556
0.0520 0.0949 0.0484 0.0211 0.4516 0.3180 4.1427 3.3050 0.1138 0.8084
0.6606 0.7364 0.9067 1.8932 1.7804 1.4621 0.9175 0.0070 0.4137 0.4080
0.7574 1.0370 1.3159 0.5572 0.0842 0.6313 0.9446 0.1777 0.0406 0.2755
0.3818 0.6762 0.7365 1.9036 0.4422 1.5499 0.8303 0.2148 0.0983 0.0866
0.0733 0.2334 1.5026 0.0482 0.6955 0.2993 0.1656 0.3024 0.2014 0.4052
1.1763 1.7954 1.7831 0.5013 0.0371 0.7081 0.6204 0.0206 0.1737 0.1378
1.6790 0.9221 0.9959 0.9244 0.5812 0.7733 0.4227 0.3670 0.3473 0.2635
0.4843 0.1557 0.0208 0.3606 0.4139 0.1900 0.7644 1.8790 1.8883 1.7010
0.4864 0.2626 0.4393 0.3348 0.0699 0.4526 1.4883 2.7500 3.9792 2.6479
0.3877 0.5446 1.4372 0.8912 0.8786 0.3448 0.7031 0.0350 0.3063 0.0343
0.6895 0.7685 0.4429 0.1099 0.4230 1.8739 0.4806 0.0711 0.0861 0.0595
0.3651 0.4685 0.3445 0.1771 0.4317 0.2004 0.7262 0.8404 1.8508 0.9611
0.7029 0.1546 0.7310 1.6149 1.2659 0.3586 0.0743 0.4547 0.3898 0.3276
1.3588 1.3016 0.5376 0.8255 0.3854 0.3543 0.4281 0.4609 0.1356 0.1481
0.3219 0.4435 0.3302 0.1310 0.0631 0.3474 1.7247 0.2257 2.5548 2.3911
0.0585 0.0733 0.2075 0.2019 0.3373 0.1872 1.7535 2.4345 4.3852 0.7805
0.9706 0.6814 0.4905 0.9274 1.3628 1.8656 1.7151 0.0296 0.4320 0.2476
0.0123 0.1566 0.0257 0.0925 0.4052 0.2093 0.1299 0.0146 3.1741 2.2705
0.0788 0.0920 0.0323 0.4805 0.1566 0.4808 4.5453 0.2712 1.6014 1.9973
0.1639 0.3002 0.0630 0.2745 0.3091 0.3990 1.9167 0.2208 2.1773 1.8887
0.3878 0.0162 0.4355 0.3956 0.4700 0.4768 0.6290 4.3744 1.6219 2.5719
0.2035 0.9853 0.4678 1.9179 0.3039 1.9029 0.9572 0.0027 0.3390 0.4516
0.6372 0.7897 0.5159 0.8068 0.3550 0.0846 0.7312 0.1418 0.0596 0.1401
0.2044 0.0045 0.1875 0.1460 0.0676 0.3857 0.1252 1.0488 1.2857 1.6093
0.1055 0.7429 0.4752 0.6125 1.2266 1.1071 1.5743 0.0523 0.2750 0.3592
0.1479 0.1379 0.1810 0.0534 0.0709 0.2549 2.2587 2.8867 0.6152 1.9693
1.5721 1.1846 1.3290 0.7347 0.3842 0.9454 0.7937 0.0618 0.4904 0.4615
0.4784 0.5096 1.7153 0.3323 0.1654 0.9146 0.2840 0.0496 0.4825 0.4348
0.1256 0.3051 0.0372 0.1723 0.2860 0.3219 2.9415 1.9165 4.1660 2.0843
0.9611 0.8644 0.7827 0.5059 0.4356 0.9331 1.7533 0.4998 0.3906 0.0387
